0 0.106845 0.525656 0.210961 0.075179
0 0.343377 0.526850 0.223747 0.051313
0 0.176100 0.454057 0.213092 0.072792
0 0.352966 0.453461 0.191783 0.050119
0 0.527702 0.461814 0.208831 0.054893
0 0.735467 0.466587 0.159819 0.071599
0 0.729074 0.395585 0.185390 0.041766
0 0.574582 0.409308 0.178998 0.064439
0 0.358294 0.408115 0.215223 0.071599
0 0.193147 0.396181 0.225878 0.062053
0 0.212325 0.302506 0.136379 0.051313
0 0.382799 0.294749 0.157688 0.050119
0 0.513851 0.253580 0.117201 0.036993
0 0.620397 0.257160 0.142772 0.044153
0 0.757842 0.263126 0.055404 0.046539
0 0.238962 0.251790 0.172605 0.050119