0 0.378438 0.900358 0.227034 0.196897
0 0.575082 0.891408 0.214521 0.188544
0 0.580892 0.653938 0.220778 0.207637
0 0.779771 0.539976 0.187706 0.127685
0 0.816865 0.701074 0.206476 0.156325
0 0.822228 0.888425 0.227928 0.182578
0 0.135762 0.884845 0.242230 0.211217
0 0.216207 0.667064 0.199325 0.178998
0 0.368159 0.660501 0.190387 0.223150
0 0.582680 0.451671 0.185024 0.156325
0 0.403913 0.446897 0.134969 0.142005
0 0.226486 0.446301 0.175192 0.100239
0 0.297993 0.332936 0.141226 0.054893
0 0.149616 0.342482 0.253849 0.143198
0 0.074087 0.491050 0.140332 0.137232
0 0.142466 0.236277 0.202007 0.073986
0 0.286373 0.206444 0.160891 0.095465
0 0.306038 0.128282 0.157315 0.106205
0 0.142019 0.138425 0.145695 0.112172
0 0.189839 0.048926 0.203795 0.095465
0 0.318104 0.031026 0.109942 0.062052
0 0.426705 0.056086 0.100110 0.057279
0 0.404806 0.128282 0.133182 0.063246
0 0.428493 0.217184 0.134075 0.062053
0 0.589831 0.197494 0.151058 0.072792
0 0.517430 0.105609 0.159997 0.077566
0 0.682343 0.107399 0.153740 0.085919
0 0.694409 0.188544 0.108154 0.109785
0 0.735079 0.281026 0.128712 0.108592
0 0.689940 0.385442 0.226141 0.121718
0 0.903120 0.391408 0.182343 0.157518
0 0.944409 0.559666 0.111181 0.155131
0 0.847702 0.191527 0.112623 0.082339
0 0.867814 0.267900 0.122456 0.068019