0 0.359984 0.848246 0.158279 0.142170
0 0.300325 0.925793 0.157468 0.145042
0 0.234172 0.747721 0.101461 0.182380
0 0.142857 0.736951 0.107143 0.189560
0 0.155844 0.626374 0.137987 0.212537
0 0.335633 0.647197 0.140422 0.142170
0 0.440747 0.735514 0.139610 0.166583
0 0.572646 0.805164 0.176136 0.231206
0 0.823052 0.918613 0.306818 0.122065
0 0.765828 0.687406 0.120942 0.311626
0 0.662338 0.648633 0.162338 0.176636
0 0.618506 0.734078 0.159091 0.160839
0 0.520292 0.600524 0.118506 0.160839
0 0.404627 0.565341 0.132305 0.101961
0 0.330357 0.540210 0.128247 0.134990
0 0.365666 0.474151 0.114448 0.114885