0 0.465053 0.730310 0.415956 0.503580
0 0.234061 0.633055 0.369928 0.435561
0 0.205932 0.541169 0.386976 0.335322
0 0.515769 0.359189 0.171326 0.198091
0 0.393880 0.320406 0.208831 0.261337
0 0.704995 0.474940 0.251449 0.336516
0 0.691357 0.224940 0.295772 0.170644
0 0.570320 0.179594 0.174736 0.206444
0 0.468889 0.127088 0.186669 0.196897
0 0.259632 0.244630 0.196045 0.233890
0 0.097682 0.195704 0.155131 0.212411
0 0.898909 0.568616 0.189226 0.437947
0 0.896778 0.278043 0.186669 0.248210
0 0.869076 0.128282 0.180702 0.184964
0 0.668343 0.807279 0.474770 0.309069