0 0.118912 0.080793 0.124188 0.161585
0 0.241071 0.079268 0.152597 0.152439
0 0.370536 0.082317 0.146916 0.164634
0 0.486607 0.065549 0.120942 0.131098
0 0.622565 0.087652 0.172078 0.172256
0 0.739448 0.107470 0.150974 0.153963
0 0.843344 0.173018 0.142857 0.129573
0 0.908685 0.113567 0.174513 0.205793
0 0.884334 0.330793 0.184253 0.176829
0 0.838474 0.393293 0.144481 0.185976
0 0.756494 0.258384 0.139610 0.117378
0 0.749594 0.387957 0.132305 0.114329
0 0.734984 0.506860 0.114448 0.114329
0 0.836445 0.639482 0.150162 0.153963
0 0.823864 0.768293 0.162338 0.103659
0 0.948052 0.733232 0.089286 0.115854
0 0.913961 0.569360 0.150974 0.160061
0 0.640016 0.516768 0.174513 0.256098
0 0.626218 0.357470 0.142045 0.190549
0 0.486201 0.234756 0.120130 0.210366
0 0.387987 0.277439 0.157468 0.189024
0 0.243912 0.257622 0.142045 0.167683
0 0.112825 0.243140 0.172078 0.211890
0 0.095779 0.435976 0.133117 0.192073
0 0.084010 0.638720 0.148539 0.161585
0 0.118506 0.846799 0.199675 0.184451
0 0.343750 0.868140 0.132305 0.160061
0 0.206575 0.791159 0.177760 0.286585
0 0.225649 0.550305 0.087662 0.140244
0 0.351867 0.704268 0.109578 0.164634
0 0.464692 0.906250 0.129058 0.117378
0 0.458198 0.743140 0.099838 0.166159
0 0.478084 0.666921 0.136364 0.190549
0 0.461039 0.488567 0.107143 0.160061
0 0.492289 0.373476 0.098214 0.176829
0 0.338068 0.403201 0.117695 0.135671
0 0.359984 0.554878 0.103084 0.134146
0 0.616477 0.910823 0.129058 0.126524
0 0.722403 0.910061 0.123377 0.131098
0 0.587256 0.784299 0.103084 0.080793
0 0.627435 0.718750 0.133117 0.163110
0 0.709821 0.788110 0.080357 0.182927
0 0.226867 0.414634 0.132305 0.182927