0 0.601055 0.718859 0.270292 0.186355
0 0.360390 0.757863 0.224026 0.232583
0 0.375812 0.528170 0.230519 0.140127
0 0.582792 0.472552 0.225649 0.156018
0 0.387581 0.406100 0.132305 0.106901
0 0.402597 0.340370 0.159091 0.134349
0 0.199675 0.342537 0.154221 0.138683
0 0.166802 0.415490 0.164773 0.140127
0 0.104708 0.566452 0.193182 0.202246
0 0.217127 0.271029 0.116071 0.114124
0 0.253247 0.216134 0.123377 0.131460
0 0.276786 0.166295 0.108766 0.127126
0 0.303166 0.125123 0.075487 0.122792
0 0.575487 0.281864 0.162338 0.098234
0 0.424919 0.270307 0.176136 0.118458
0 0.195211 0.083229 0.117695 0.111235
0 0.166396 0.115733 0.121753 0.080898
0 0.122565 0.167017 0.116883 0.105457
0 0.720373 0.067339 0.174513 0.085232
0 0.721997 0.186519 0.142045 0.104012
0 0.713474 0.230580 0.180195 0.073675
0 0.747971 0.309311 0.197240 0.109791
0 0.778815 0.399599 0.215097 0.145906
0 0.794643 0.506501 0.196429 0.114124
0 0.820211 0.632904 0.291396 0.213803
0 0.823458 0.769420 0.315747 0.197912
0 0.073864 0.670464 0.144481 0.193578
0 0.572240 0.226968 0.167208 0.144461
0 0.583604 0.138847 0.100649 0.118458