0 0.255682 0.238817 0.176948 0.135642
0 0.408685 0.133478 0.257305 0.158730
0 0.250406 0.440115 0.310877 0.168831
0 0.702516 0.745310 0.481331 0.256854
0 0.755276 0.334776 0.320617 0.139971
0 0.693994 0.152237 0.267857 0.167388
0 0.443588 0.331890 0.172890 0.125541
0 0.505682 0.246753 0.165584 0.137085
0 0.615666 0.444444 0.349838 0.215007
0 0.345373 0.655844 0.346591 0.147186
0 0.170860 0.767677 0.341720 0.212121
0 0.547484 0.881674 0.268669 0.191919
0 0.143263 0.267677 0.286526 0.126984
0 0.432224 0.072872 0.232955 0.141414
0 0.895698 0.456710 0.187500 0.187590