0 0.256088 0.937703 0.098214 0.124594
0 0.321429 0.934108 0.191558 0.114506
0 0.616883 0.267364 0.082792 0.073922
0 0.643669 0.234027 0.050325 0.047832
0 0.606331 0.218808 0.045455 0.037686
0 0.555195 0.224606 0.042208 0.066674
0 0.519481 0.202864 0.037338 0.040584
0 0.507305 0.245623 0.040584 0.044933
0 0.431006 0.217359 0.030844 0.040584
0 0.413149 0.186920 0.038961 0.037686
0 0.380276 0.191993 0.033279 0.036236
0 0.338474 0.186196 0.043831 0.056528
0 0.291802 0.183297 0.039773 0.039135
0 0.259740 0.173151 0.035714 0.053629
0 0.221591 0.170976 0.034091 0.049281
0 0.221185 0.218808 0.028409 0.031888
0 0.251218 0.216634 0.047890 0.053629
0 0.299919 0.220257 0.036526 0.043483
0 0.347403 0.230404 0.037338 0.040584
0 0.378247 0.229679 0.024351 0.042034