0 0.611201 0.913872 0.128247 0.138720
0 0.461445 0.894055 0.112825 0.132622
0 0.328734 0.843750 0.126623 0.196646
0 0.221997 0.740854 0.179383 0.189024
0 0.088880 0.642530 0.169643 0.175305
0 0.098214 0.832317 0.196428 0.231707
0 0.103490 0.438262 0.195617 0.239329
0 0.103896 0.219512 0.133117 0.179878
0 0.225649 0.223323 0.147727 0.169207
0 0.130276 0.054116 0.119318 0.108232
0 0.236201 0.076982 0.181818 0.123476
0 0.352273 0.078506 0.141234 0.157012
0 0.510146 0.082317 0.122565 0.164634
0 0.617289 0.078506 0.163149 0.147866
0 0.726055 0.099848 0.174513 0.178354
0 0.854302 0.176067 0.140422 0.114329
0 0.891234 0.109756 0.121753 0.201220
0 0.855114 0.341463 0.229708 0.185976
0 0.752435 0.240091 0.110390 0.129573
0 0.497565 0.237805 0.139610 0.182927
0 0.364042 0.256098 0.133929 0.219512
0 0.360795 0.397866 0.114448 0.137195
0 0.350244 0.544207 0.111201 0.131098
0 0.345779 0.682165 0.134740 0.120427
0 0.213474 0.580030 0.133117 0.196646
0 0.245130 0.458079 0.066558 0.211890
0 0.438718 0.743902 0.133929 0.112805
0 0.475244 0.676067 0.116071 0.193598
0 0.570617 0.788872 0.152597 0.086890
0 0.619724 0.721037 0.137175 0.176829
0 0.581981 0.578506 0.100649 0.150915
0 0.446023 0.474085 0.138799 0.143293
0 0.474838 0.369665 0.159091 0.202744
0 0.622159 0.345274 0.133929 0.150915
0 0.620536 0.497713 0.174513 0.187500
0 0.742289 0.513720 0.104708 0.106707
0 0.733360 0.395579 0.135552 0.141768
0 0.653815 0.259146 0.140422 0.173780
0 0.851461 0.762195 0.133117 0.128049
0 0.680601 0.868902 0.177760 0.149390
0 0.725649 0.768293 0.136364 0.179878
0 0.738636 0.705793 0.116883 0.222561
0 0.824269 0.662348 0.132305 0.150915
0 0.941153 0.754573 0.077110 0.182927
0 0.914367 0.598323 0.171266 0.202744
0 0.842532 0.386433 0.150974 0.163110